0.000758945503477
0.001473133158539
0.001807964066989
0.000722026801877
-0.002576135851624
-0.007949131454650
-0.013816194472248
-0.017360428046271
-0.015673948605291
-0.007501590019100
0.005290533736086
0.017563092316545
0.022641898945464
0.015576603453304
-0.003473571426615
-0.027574168805335
-0.044434695934826
-0.040918923823858
-0.009012854792397
0.049421403745391
0.121589388769905
0.187396811947167
0.226608220127630
0.226608220127630
0.187396811947167
0.121589388769905
0.049421403745391
-0.009012854792397
-0.040918923823858
-0.044434695934826
-0.027574168805335
-0.003473571426615
0.015576603453304
0.022641898945464
0.017563092316545
0.005290533736086
-0.007501590019100
-0.015673948605291
-0.017360428046271
-0.013816194472248
-0.007949131454650
-0.002576135851624
0.000722026801877
0.001807964066989
0.001473133158539
0.000758945503477